----------------------------------------------
#7bcd. Iteration # 0
----------------------------------------------

     |    0   (1)   2    3    4    5    6    7    8    9   10   11   12   13   14   15   16   17   18   19   20   21   22   23   24   25   26   27   28 |
-------------------------------------------------------------------------------------------------------------------------------------------------------------
   8 |    1   -1    0    0    0    0    0    0    1    0    0    0    0    0    0    0    0    0    0    0    0    0    0    0    0    0    0    0    0 |   1 Ratio: null
   9 |    0    1   -1    0    0    0    0    0    0    1    0    0    0    0    0    0    0    0    0    0    0    0    0    0    0    0    0    0    0 |   1 Ratio: 1/1
  19 |    0    1    0   -1    0    0    0    0    0    0    0    0    0    0    0    0    0    0    0    1    0    0    0    0    0    0    0    0    0 |   1 Ratio: 1/1
  20 |    0   (1)   0    0    0    0    0   -1    0    0    0    0    0    0    0    0    0    0    0    0    1    0    0    0    0    0    0    0    0 |   0 Ratio: 0/1
  10 |    0    1    0    0    0    0    0   -1    0    0    1    0    0    0    0    0    0    0    0    0    0    0    0    0    0    0    0    0    0 |   1 Ratio: 1/1
  11 |    0    0    1   -1    0    0    0    0    0    0    0    1    0    0    0    0    0    0    0    0    0    0    0    0    0    0    0    0    0 |   1 Ratio: null
  21 |    0    0    1    0   -1    0    0    0    0    0    0    0    0    0    0    0    0    0    0    0    0    1    0    0    0    0    0    0    0 |   1 Ratio: null
  22 |    0    0    1    0    0    0   -1    0    0    0    0    0    0    0    0    0    0    0    0    0    0    0    1    0    0    0    0    0    0 |   0 Ratio: null
  12 |    0    0    1    0    0    0   -1    0    0    0    0    0    1    0    0    0    0    0    0    0    0    0    0    0    0    0    0    0    0 |   1 Ratio: null
  13 |    0    0    0    1   -1    0    0    0    0    0    0    0    0    1    0    0    0    0    0    0    0    0    0    0    0    0    0    0    0 |   1 Ratio: null
  23 |    0    0    0    1    0   -1    0    0    0    0    0    0    0    0    0    0    0    0    0    0    0    0    0    1    0    0    0    0    0 |   0 Ratio: null
  14 |    0    0    0    1    0   -1    0    0    0    0    0    0    0    0    1    0    0    0    0    0    0    0    0    0    0    0    0    0    0 |   1 Ratio: null
  24 |    0    0    0    0    1   -1    0    0    0    0    0    0    0    0    0    0    0    0    0    0    0    0    0    0    1    0    0    0    0 |   0 Ratio: null
  15 |    0    0    0    0    1   -1    0    0    0    0    0    0    0    0    0    1    0    0    0    0    0    0    0    0    0    0    0    0    0 |   1 Ratio: null
  25 |    0    0    0    0    0    1   -1    0    0    0    0    0    0    0    0    0    0    0    0    0    0    0    0    0    0    1    0    0    0 |   0 Ratio: null
  16 |    0    0    0    0    0    1   -1    0    0    0    0    0    0    0    0    0    1    0    0    0    0    0    0    0    0    0    0    0    0 |   1 Ratio: null
  26 |    0    0    0    0    0    0    1   -1    0    0    0    0    0    0    0    0    0    0    0    0    0    0    0    0    0    0    1    0    0 |   0 Ratio: null
  17 |    0    0    0    0    0    0    1   -1    0    0    0    0    0    0    0    0    0    1    0    0    0    0    0    0    0    0    0    0    0 |   1 Ratio: null
  18 |   -1    0    0    0    0    0    0    1    0    0    0    0    0    0    0    0    0    0    1    0    0    0    0    0    0    0    0    0    0 |   1 Ratio: null
  27 |    0   -1    0    0    0    0    0    1    0    0    0    0    0    0    0    0    0    0    0    0    0    0    0    0    0    0    0    1    0 |   1 Ratio: null
-------------------------------------------------------------------------------------------------------------------------------------------------------------
  28 |    0   -1   -1   -1    0    1    1    1    0    0    0    0    0    0    0    0    0    0    0    0    0    0    0    0    0    0    0    0    1 |   0 Ratio: na

----------------------------------------------
#7bcd. Iteration # 2
----------------------------------------------

     |    0    1   (2)   3    4    5    6    7    8    9   10   11   12   13   14   15   16   17   18   19   20   21   22   23   24   25   26   27   28 |
-------------------------------------------------------------------------------------------------------------------------------------------------------------
   8 |    1    0    0    0    0    0    0   -1    1    0    0    0    0    0    0    0    0    0    0    0    1    0    0    0    0    0    0    0    0 |   1 Ratio: null
   9 |    0    0   -1    0    0    0    0    1    0    1    0    0    0    0    0    0    0    0    0    0   -1    0    0    0    0    0    0    0    0 |   1 Ratio: null
  19 |    0    0    0   -1    0    0    0    1    0    0    0    0    0    0    0    0    0    0    0    1   -1    0    0    0    0    0    0    0    0 |   1 Ratio: null
   1 |    0    1    0    0    0    0    0   -1    0    0    0    0    0    0    0    0    0    0    0    0    1    0    0    0    0    0    0    0    0 |   0 Ratio: null
  10 |    0    0    0    0    0    0    0    0    0    0    1    0    0    0    0    0    0    0    0    0   -1    0    0    0    0    0    0    0    0 |   1 Ratio: null
  11 |    0    0    1   -1    0    0    0    0    0    0    0    1    0    0    0    0    0    0    0    0    0    0    0    0    0    0    0    0    0 |   1 Ratio: 1/1
  21 |    0    0    1    0   -1    0    0    0    0    0    0    0    0    0    0    0    0    0    0    0    0    1    0    0    0    0    0    0    0 |   1 Ratio: 1/1
  22 |    0    0   (1)   0    0    0   -1    0    0    0    0    0    0    0    0    0    0    0    0    0    0    0    1    0    0    0    0    0    0 |   0 Ratio: 0/1
  12 |    0    0    1    0    0    0   -1    0    0    0    0    0    1    0    0    0    0    0    0    0    0    0    0    0    0    0    0    0    0 |   1 Ratio: 1/1
  13 |    0    0    0    1   -1    0    0    0    0    0    0    0    0    1    0    0    0    0    0    0    0    0    0    0    0    0    0    0    0 |   1 Ratio: null
  23 |    0    0    0    1    0   -1    0    0    0    0    0    0    0    0    0    0    0    0    0    0    0    0    0    1    0    0    0    0    0 |   0 Ratio: null
  14 |    0    0    0    1    0   -1    0    0    0    0    0    0    0    0    1    0    0    0    0    0    0    0    0    0    0    0    0    0    0 |   1 Ratio: null
  24 |    0    0    0    0    1   -1    0    0    0    0    0    0    0    0    0    0    0    0    0    0    0    0    0    0    1    0    0    0    0 |   0 Ratio: null
  15 |    0    0    0    0    1   -1    0    0    0    0    0    0    0    0    0    1    0    0    0    0    0    0    0    0    0    0    0    0    0 |   1 Ratio: null
  25 |    0    0    0    0    0    1   -1    0    0    0    0    0    0    0    0    0    0    0    0    0    0    0    0    0    0    1    0    0    0 |   0 Ratio: null
  16 |    0    0    0    0    0    1   -1    0    0    0    0    0    0    0    0    0    1    0    0    0    0    0    0    0    0    0    0    0    0 |   1 Ratio: null
  26 |    0    0    0    0    0    0    1   -1    0    0    0    0    0    0    0    0    0    0    0    0    0    0    0    0    0    0    1    0    0 |   0 Ratio: null
  17 |    0    0    0    0    0    0    1   -1    0    0    0    0    0    0    0    0    0    1    0    0    0    0    0    0    0    0    0    0    0 |   1 Ratio: null
  18 |   -1    0    0    0    0    0    0    1    0    0    0    0    0    0    0    0    0    0    1    0    0    0    0    0    0    0    0    0    0 |   1 Ratio: null
  27 |    0    0    0    0    0    0    0    0    0    0    0    0    0    0    0    0    0    0    0    0    1    0    0    0    0    0    0    1    0 |   1 Ratio: null
-------------------------------------------------------------------------------------------------------------------------------------------------------------
  28 |    0    0   -1   -1    0    1    1    0    0    0    0    0    0    0    0    0    0    0    0    0    1    0    0    0    0    0    0    0    1 |   0 Ratio: na

----------------------------------------------
#7bcd. Iteration # 4
----------------------------------------------

     |    0    1    2   (3)   4    5    6    7    8    9   10   11   12   13   14   15   16   17   18   19   20   21   22   23   24   25   26   27   28 |
-------------------------------------------------------------------------------------------------------------------------------------------------------------
   8 |    1    0    0    0    0    0    0   -1    1    0    0    0    0    0    0    0    0    0    0    0    1    0    0    0    0    0    0    0    0 |   1 Ratio: null
   9 |    0    0    0    0    0    0   -1    1    0    1    0    0    0    0    0    0    0    0    0    0   -1    0    1    0    0    0    0    0    0 |   1 Ratio: null
  19 |    0    0    0   -1    0    0    0    1    0    0    0    0    0    0    0    0    0    0    0    1   -1    0    0    0    0    0    0    0    0 |   1 Ratio: null
   1 |    0    1    0    0    0    0    0   -1    0    0    0    0    0    0    0    0    0    0    0    0    1    0    0    0    0    0    0    0    0 |   0 Ratio: null
  10 |    0    0    0    0    0    0    0    0    0    0    1    0    0    0    0    0    0    0    0    0   -1    0    0    0    0    0    0    0    0 |   1 Ratio: null
  11 |    0    0    0   -1    0    0    1    0    0    0    0    1    0    0    0    0    0    0    0    0    0    0   -1    0    0    0    0    0    0 |   1 Ratio: null
  21 |    0    0    0    0   -1    0    1    0    0    0    0    0    0    0    0    0    0    0    0    0    0    1   -1    0    0    0    0    0    0 |   1 Ratio: null
   2 |    0    0    1    0    0    0   -1    0    0    0    0    0    0    0    0    0    0    0    0    0    0    0    1    0    0    0    0    0    0 |   0 Ratio: null
  12 |    0    0    0    0    0    0    0    0    0    0    0    0    1    0    0    0    0    0    0    0    0    0   -1    0    0    0    0    0    0 |   1 Ratio: null
  13 |    0    0    0    1   -1    0    0    0    0    0    0    0    0    1    0    0    0    0    0    0    0    0    0    0    0    0    0    0    0 |   1 Ratio: 1/1
  23 |    0    0    0   (1)   0   -1    0    0    0    0    0    0    0    0    0    0    0    0    0    0    0    0    0    1    0    0    0    0    0 |   0 Ratio: 0/1
  14 |    0    0    0    1    0   -1    0    0    0    0    0    0    0    0    1    0    0    0    0    0    0    0    0    0    0    0    0    0    0 |   1 Ratio: 1/1
  24 |    0    0    0    0    1   -1    0    0    0    0    0    0    0    0    0    0    0    0    0    0    0    0    0    0    1    0    0    0    0 |   0 Ratio: null
  15 |    0    0    0    0    1   -1    0    0    0    0    0    0    0    0    0    1    0    0    0    0    0    0    0    0    0    0    0    0    0 |   1 Ratio: null
  25 |    0    0    0    0    0    1   -1    0    0    0    0    0    0    0    0    0    0    0    0    0    0    0    0    0    0    1    0    0    0 |   0 Ratio: null
  16 |    0    0    0    0    0    1   -1    0    0    0    0    0    0    0    0    0    1    0    0    0    0    0    0    0    0    0    0    0    0 |   1 Ratio: null
  26 |    0    0    0    0    0    0    1   -1    0    0    0    0    0    0    0    0    0    0    0    0    0    0    0    0    0    0    1    0    0 |   0 Ratio: null
  17 |    0    0    0    0    0    0    1   -1    0    0    0    0    0    0    0    0    0    1    0    0    0    0    0    0    0    0    0    0    0 |   1 Ratio: null
  18 |   -1    0    0    0    0    0    0    1    0    0    0    0    0    0    0    0    0    0    1    0    0    0    0    0    0    0    0    0    0 |   1 Ratio: null
  27 |    0    0    0    0    0    0    0    0    0    0    0    0    0    0    0    0    0    0    0    0    1    0    0    0    0    0    0    1    0 |   1 Ratio: null
-------------------------------------------------------------------------------------------------------------------------------------------------------------
  28 |    0    0    0   -1    0    1    0    0    0    0    0    0    0    0    0    0    0    0    0    0    1    0    1    0    0    0    0    0    1 |   0 Ratio: na

----------------------------------------------
#7bcd. Final tableau 
----------------------------------------------

     |    0    1    2    3    4    5    6    7    8    9   10   11   12   13   14   15   16   17   18   19   20   21   22   23   24   25   26   27   28 |
-------------------------------------------------------------------------------------------------------------------------------------------------------------
   8 |    1    0    0    0    0    0    0   -1    1    0    0    0    0    0    0    0    0    0    0    0    1    0    0    0    0    0    0    0    0 |   1 Ratio: null
   9 |    0    0    0    0    0    0   -1    1    0    1    0    0    0    0    0    0    0    0    0    0   -1    0    1    0    0    0    0    0    0 |   1 Ratio: null
  19 |    0    0    0    0    0   -1    0    1    0    0    0    0    0    0    0    0    0    0    0    1   -1    0    0    1    0    0    0    0    0 |   1 Ratio: null
   1 |    0    1    0    0    0    0    0   -1    0    0    0    0    0    0    0    0    0    0    0    0    1    0    0    0    0    0    0    0    0 |   0 Ratio: null
  10 |    0    0    0    0    0    0    0    0    0    0    1    0    0    0    0    0    0    0    0    0   -1    0    0    0    0    0    0    0    0 |   1 Ratio: null
  11 |    0    0    0    0    0   -1    1    0    0    0    0    1    0    0    0    0    0    0    0    0    0    0   -1    1    0    0    0    0    0 |   1 Ratio: null
  21 |    0    0    0    0   -1    0    1    0    0    0    0    0    0    0    0    0    0    0    0    0    0    1   -1    0    0    0    0    0    0 |   1 Ratio: null
   2 |    0    0    1    0    0    0   -1    0    0    0    0    0    0    0    0    0    0    0    0    0    0    0    1    0    0    0    0    0    0 |   0 Ratio: null
  12 |    0    0    0    0    0    0    0    0    0    0    0    0    1    0    0    0    0    0    0    0    0    0   -1    0    0    0    0    0    0 |   1 Ratio: null
  13 |    0    0    0    0   -1    1    0    0    0    0    0    0    0    1    0    0    0    0    0    0    0    0    0   -1    0    0    0    0    0 |   1 Ratio: null
   3 |    0    0    0    1    0   -1    0    0    0    0    0    0    0    0    0    0    0    0    0    0    0    0    0    1    0    0    0    0    0 |   0 Ratio: null
  14 |    0    0    0    0    0    0    0    0    0    0    0    0    0    0    1    0    0    0    0    0    0    0    0   -1    0    0    0    0    0 |   1 Ratio: null
  24 |    0    0    0    0    1   -1    0    0    0    0    0    0    0    0    0    0    0    0    0    0    0    0    0    0    1    0    0    0    0 |   0 Ratio: null
  15 |    0    0    0    0    1   -1    0    0    0    0    0    0    0    0    0    1    0    0    0    0    0    0    0    0    0    0    0    0    0 |   1 Ratio: null
  25 |    0    0    0    0    0    1   -1    0    0    0    0    0    0    0    0    0    0    0    0    0    0    0    0    0    0    1    0    0    0 |   0 Ratio: null
  16 |    0    0    0    0    0    1   -1    0    0    0    0    0    0    0    0    0    1    0    0    0    0    0    0    0    0    0    0    0    0 |   1 Ratio: null
  26 |    0    0    0    0    0    0    1   -1    0    0    0    0    0    0    0    0    0    0    0    0    0    0    0    0    0    0    1    0    0 |   0 Ratio: null
  17 |    0    0    0    0    0    0    1   -1    0    0    0    0    0    0    0    0    0    1    0    0    0    0    0    0    0    0    0    0    0 |   1 Ratio: null
  18 |   -1    0    0    0    0    0    0    1    0    0    0    0    0    0    0    0    0    0    1    0    0    0    0    0    0    0    0    0    0 |   1 Ratio: null
  27 |    0    0    0    0    0    0    0    0    0    0    0    0    0    0    0    0    0    0    0    0    1    0    0    0    0    0    0    1    0 |   1 Ratio: null
-------------------------------------------------------------------------------------------------------------------------------------------------------------
  28 |    0    0    0    0    0    0    0    0    0    0    0    0    0    0    0    0    0    0    0    0    1    0    1    1    0    0    0    0    1 |   0 Ratio: na

