#4. W and D Matrices
-----------------------------------------------      -----------------------------------------------
       v0   v1   v2   v3   v4   v5   v6   v7                v0   v1   v2   v3   v4   v5   v6   v7
-----------------------------------------------      -----------------------------------------------
   v0   0    1    2    3    4    3    2    1            v0   0    3    6    9   12   16   13   10  
   v1   0    0    1    2    3    2    1    0            v1  10    3    6    9   12   16   13   10  
   v2   0    1    0    1    2    1    0    0            v2  17   20    3    6    9   13   10   17  
   v3   0    1    2    0    1    0    0    0            v3  24   27   30    3    6   10   17   24  
   v4   0    1    2    3    0    0    0    0            v4  24   27   30   33    3   10   17   24  
   v5   0    1    2    3    4    0    0    0            v5  21   24   27   30   33    7   14   21  
   v6   0    1    2    3    4    3    0    0            v6  14   17   20   23   26   30    7   14  
   v7   0    1    2    3    4    3    2    0            v7   7   10   13   16   19   23   20    7  
-----------------------------------------------      -----------------------------------------------

----------------------------------------------
#5. Initial clock cycle
----------------------------------------------

24

----------------------------------------------
#7. Sorted and unique elements of Matrix D
----------------------------------------------

 0  3  6  7  9 10 12 13 14 16 
17 19 20 21 23 24 26 27 30 33

