----------------------------------------------
#7a. Initial tableau (sorted by vi, vj, ans)
----------------------------------------------

     |    0    1    2    3    4    5   (6)   7    8    9   10   11   12   13   14   15   16   17   18   19   20   21   22   23   24   25   26 |
---------------------------------------------------------------------------------------------------------------------------------------------------
   8 |    1   -1    0    0    0    0    0    0    1    0    0    0    0    0    0    0    0    0    0    0    0    0    0    0    0    0    0 |   1 Ratio: null
   9 |    0    1   -1    0    0    0    0    0    0    1    0    0    0    0    0    0    0    0    0    0    0    0    0    0    0    0    0 |   1 Ratio: null
  21 |    0    1    0    0    0   -1    0    0    0    0    0    0    0    0    0    0    0    0    0    0    0    1    0    0    0    0    0 |   1 Ratio: null
  19 |    0    1    0    0    0    0   -1    0    0    0    0    0    0    0    0    0    0    0    0    1    0    0    0    0    0    0    0 |   1 Ratio: null
  16 |    0    1    0    0    0    0    0   -1    0    0    0    0    0    0    0    0    1    0    0    0    0    0    0    0    0    0    0 |   0 Ratio: null
  10 |    0    0    1   -1    0    0    0    0    0    0    1    0    0    0    0    0    0    0    0    0    0    0    0    0    0    0    0 |   1 Ratio: null
  20 |    0    0    1    0    0   -1    0    0    0    0    0    0    0    0    0    0    0    0    0    0    1    0    0    0    0    0    0 |   1 Ratio: null
  17 |    0    0    1    0    0    0   -1    0    0    0    0    0    0    0    0    0    0    1    0    0    0    0    0    0    0    0    0 |   0 Ratio: null
  11 |    0    0    0    1   -1    0    0    0    0    0    0    1    0    0    0    0    0    0    0    0    0    0    0    0    0    0    0 |   1 Ratio: null
  18 |    0    0    0    1    0   -1    0    0    0    0    0    0    0    0    0    0    0    0    1    0    0    0    0    0    0    0    0 |   0 Ratio: null
  12 |    0    0    0    0    1   -1    0    0    0    0    0    0    1    0    0    0    0    0    0    0    0    0    0    0    0    0    0 |   0 Ratio: null
  13 |    0    0    0    0    0    1   -1    0    0    0    0    0    0    1    0    0    0    0    0    0    0    0    0    0    0    0    0 |   0 Ratio: null
 *22 |    0    0    0    0    0   -1    1    0    0    0    0    0    0    0    0    0    0    0    0    0    0    0   -1    0    0    0    0 |   1 Ratio: 1/1
  14 |    0    0    0    0    0    0   (1)  -1    0    0    0    0    0    0    1    0    0    0    0    0    0    0    0    0    0    0    0 |   0 Ratio: 0/1
 *23 |    0    0    0    0    0    0   -1    1    0    0    0    0    0    0    0    0    0    0    0    0    0    0    0   -1    0    0    0 |   1 Ratio: null
  15 |   -1    0    0    0    0    0    0    1    0    0    0    0    0    0    0    1    0    0    0    0    0    0    0    0    0    0    0 |   0 Ratio: null
  24 |    0    0    0   -1    0    0    0    1    0    0    0    0    0    0    0    0    0    0    0    0    0    0    0    0    1    0    0 |   2 Ratio: null
  25 |    0    0    0    0    0    0   -1    1    0    0    0    0    0    0    0    0    0    0    0    0    0    0    0    0    0    1    0 |   1 Ratio: null
---------------------------------------------------------------------------------------------------------------------------------------------------
  26 |    0   -2   -2   -1    0    2    2    1    0    0    0    0    0    0    0    0    0    0    0    0    0    0    0    0    0    0    1 |   0 Ratio: na

----------------------------------------------
#7bcd. Iteration # 1
----------------------------------------------

     |    0    1    2    3    4    5    6   (7)   8    9   10   11   12   13   14   15   16   17   18   19   20   21   22   23   24   25   26 |
---------------------------------------------------------------------------------------------------------------------------------------------------
   8 |    1   -1    0    0    0    0    0    0    1    0    0    0    0    0    0    0    0    0    0    0    0    0    0    0    0    0    0 |   1 Ratio: null
   9 |    0    1   -1    0    0    0    0    0    0    1    0    0    0    0    0    0    0    0    0    0    0    0    0    0    0    0    0 |   1 Ratio: null
  21 |    0    1    0    0    0   -1    0    0    0    0    0    0    0    0    0    0    0    0    0    0    0    1    0    0    0    0    0 |   1 Ratio: null
  19 |    0    1    0    0    0    0    0   -1    0    0    0    0    0    0    1    0    0    0    0    1    0    0    0    0    0    0    0 |   1 Ratio: null
  16 |    0    1    0    0    0    0    0   -1    0    0    0    0    0    0    0    0    1    0    0    0    0    0    0    0    0    0    0 |   0 Ratio: null
  10 |    0    0    1   -1    0    0    0    0    0    0    1    0    0    0    0    0    0    0    0    0    0    0    0    0    0    0    0 |   1 Ratio: null
  20 |    0    0    1    0    0   -1    0    0    0    0    0    0    0    0    0    0    0    0    0    0    1    0    0    0    0    0    0 |   1 Ratio: null
  17 |    0    0    1    0    0    0    0   -1    0    0    0    0    0    0    1    0    0    1    0    0    0    0    0    0    0    0    0 |   0 Ratio: null
  11 |    0    0    0    1   -1    0    0    0    0    0    0    1    0    0    0    0    0    0    0    0    0    0    0    0    0    0    0 |   1 Ratio: null
  18 |    0    0    0    1    0   -1    0    0    0    0    0    0    0    0    0    0    0    0    1    0    0    0    0    0    0    0    0 |   0 Ratio: null
  12 |    0    0    0    0    1   -1    0    0    0    0    0    0    1    0    0    0    0    0    0    0    0    0    0    0    0    0    0 |   0 Ratio: null
  13 |    0    0    0    0    0    1    0   -1    0    0    0    0    0    1    1    0    0    0    0    0    0    0    0    0    0    0    0 |   0 Ratio: null
 *22 |    0    0    0    0    0   -1    0    1    0    0    0    0    0    0   -1    0    0    0    0    0    0    0   -1    0    0    0    0 |   1 Ratio: 1/1
   6 |    0    0    0    0    0    0    1   -1    0    0    0    0    0    0    1    0    0    0    0    0    0    0    0    0    0    0    0 |   0 Ratio: null
 *23 |    0    0    0    0    0    0    0    0    0    0    0    0    0    0    1    0    0    0    0    0    0    0    0   -1    0    0    0 |   1 Ratio: null
  15 |   -1    0    0    0    0    0    0   (1)   0    0    0    0    0    0    0    1    0    0    0    0    0    0    0    0    0    0    0 |   0 Ratio: 0/1
  24 |    0    0    0   -1    0    0    0    1    0    0    0    0    0    0    0    0    0    0    0    0    0    0    0    0    1    0    0 |   2 Ratio: 2/1
  25 |    0    0    0    0    0    0    0    0    0    0    0    0    0    0    1    0    0    0    0    0    0    0    0    0    0    1    0 |   1 Ratio: null
---------------------------------------------------------------------------------------------------------------------------------------------------
  26 |    0   -2   -2   -1    0    2    0    3    0    0    0    0    0    0   -2    0    0    0    0    0    0    0    0    0    0    0    1 |   0 Ratio: na

----------------------------------------------
#7bcd. Iteration # 2
----------------------------------------------

     |   (0)   1    2    3    4    5    6    7    8    9   10   11   12   13   14   15   16   17   18   19   20   21   22   23   24   25   26 |
---------------------------------------------------------------------------------------------------------------------------------------------------
   8 |    1   -1    0    0    0    0    0    0    1    0    0    0    0    0    0    0    0    0    0    0    0    0    0    0    0    0    0 |   1 Ratio: 1/1
   9 |    0    1   -1    0    0    0    0    0    0    1    0    0    0    0    0    0    0    0    0    0    0    0    0    0    0    0    0 |   1 Ratio: null
  21 |    0    1    0    0    0   -1    0    0    0    0    0    0    0    0    0    0    0    0    0    0    0    1    0    0    0    0    0 |   1 Ratio: null
  19 |   -1    1    0    0    0    0    0    0    0    0    0    0    0    0    1    1    0    0    0    1    0    0    0    0    0    0    0 |   1 Ratio: null
  16 |   -1    1    0    0    0    0    0    0    0    0    0    0    0    0    0    1    1    0    0    0    0    0    0    0    0    0    0 |   0 Ratio: null
  10 |    0    0    1   -1    0    0    0    0    0    0    1    0    0    0    0    0    0    0    0    0    0    0    0    0    0    0    0 |   1 Ratio: null
  20 |    0    0    1    0    0   -1    0    0    0    0    0    0    0    0    0    0    0    0    0    0    1    0    0    0    0    0    0 |   1 Ratio: null
  17 |   -1    0    1    0    0    0    0    0    0    0    0    0    0    0    1    1    0    1    0    0    0    0    0    0    0    0    0 |   0 Ratio: null
  11 |    0    0    0    1   -1    0    0    0    0    0    0    1    0    0    0    0    0    0    0    0    0    0    0    0    0    0    0 |   1 Ratio: null
  18 |    0    0    0    1    0   -1    0    0    0    0    0    0    0    0    0    0    0    0    1    0    0    0    0    0    0    0    0 |   0 Ratio: null
  12 |    0    0    0    0    1   -1    0    0    0    0    0    0    1    0    0    0    0    0    0    0    0    0    0    0    0    0    0 |   0 Ratio: null
  13 |   -1    0    0    0    0    1    0    0    0    0    0    0    0    1    1    1    0    0    0    0    0    0    0    0    0    0    0 |   0 Ratio: null
 *22 |   (1)   0    0    0    0   -1    0    0    0    0    0    0    0    0   -1   -1    0    0    0    0    0    0   -1    0    0    0    0 |   1 Ratio: 1/1
   6 |   -1    0    0    0    0    0    1    0    0    0    0    0    0    0    1    1    0    0    0    0    0    0    0    0    0    0    0 |   0 Ratio: null
 *23 |    0    0    0    0    0    0    0    0    0    0    0    0    0    0    1    0    0    0    0    0    0    0    0   -1    0    0    0 |   1 Ratio: null
   7 |   -1    0    0    0    0    0    0    1    0    0    0    0    0    0    0    1    0    0    0    0    0    0    0    0    0    0    0 |   0 Ratio: null
  24 |    1    0    0   -1    0    0    0    0    0    0    0    0    0    0    0   -1    0    0    0    0    0    0    0    0    1    0    0 |   2 Ratio: 2/1
  25 |    0    0    0    0    0    0    0    0    0    0    0    0    0    0    1    0    0    0    0    0    0    0    0    0    0    1    0 |   1 Ratio: null
---------------------------------------------------------------------------------------------------------------------------------------------------
  26 |    3   -2   -2   -1    0    2    0    0    0    0    0    0    0    0   -2   -3    0    0    0    0    0    0    0    0    0    0    1 |   0 Ratio: na

----------------------------------------------
#7bcd. Iteration # 3
----------------------------------------------

     |    0    1    2    3    4    5    6    7    8    9   10   11   12   13  (14)  15   16   17   18   19   20   21   22   23   24   25   26 |
---------------------------------------------------------------------------------------------------------------------------------------------------
   8 |    0   -1    0    0    0    1    0    0    1    0    0    0    0    0   (1)   1    0    0    0    0    0    0    1    0    0    0    0 |   0 Ratio: 0/1
   9 |    0    1   -1    0    0    0    0    0    0    1    0    0    0    0    0    0    0    0    0    0    0    0    0    0    0    0    0 |   1 Ratio: null
  21 |    0    1    0    0    0   -1    0    0    0    0    0    0    0    0    0    0    0    0    0    0    0    1    0    0    0    0    0 |   1 Ratio: null
  19 |    0    1    0    0    0   -1    0    0    0    0    0    0    0    0    0    0    0    0    0    1    0    0   -1    0    0    0    0 |   2 Ratio: null
  16 |    0    1    0    0    0   -1    0    0    0    0    0    0    0    0   -1    0    1    0    0    0    0    0   -1    0    0    0    0 |   1 Ratio: null
  10 |    0    0    1   -1    0    0    0    0    0    0    1    0    0    0    0    0    0    0    0    0    0    0    0    0    0    0    0 |   1 Ratio: null
  20 |    0    0    1    0    0   -1    0    0    0    0    0    0    0    0    0    0    0    0    0    0    1    0    0    0    0    0    0 |   1 Ratio: null
  17 |    0    0    1    0    0   -1    0    0    0    0    0    0    0    0    0    0    0    1    0    0    0    0   -1    0    0    0    0 |   1 Ratio: null
  11 |    0    0    0    1   -1    0    0    0    0    0    0    1    0    0    0    0    0    0    0    0    0    0    0    0    0    0    0 |   1 Ratio: null
  18 |    0    0    0    1    0   -1    0    0    0    0    0    0    0    0    0    0    0    0    1    0    0    0    0    0    0    0    0 |   0 Ratio: null
  12 |    0    0    0    0    1   -1    0    0    0    0    0    0    1    0    0    0    0    0    0    0    0    0    0    0    0    0    0 |   0 Ratio: null
  13 |    0    0    0    0    0    0    0    0    0    0    0    0    0    1    0    0    0    0    0    0    0    0   -1    0    0    0    0 |   1 Ratio: null
   0 |    1    0    0    0    0   -1    0    0    0    0    0    0    0    0   -1   -1    0    0    0    0    0    0   -1    0    0    0    0 |   1 Ratio: null
   6 |    0    0    0    0    0   -1    1    0    0    0    0    0    0    0    0    0    0    0    0    0    0    0   -1    0    0    0    0 |   1 Ratio: null
 *23 |    0    0    0    0    0    0    0    0    0    0    0    0    0    0    1    0    0    0    0    0    0    0    0   -1    0    0    0 |   1 Ratio: 1/1
   7 |    0    0    0    0    0   -1    0    1    0    0    0    0    0    0   -1    0    0    0    0    0    0    0   -1    0    0    0    0 |   1 Ratio: null
  24 |    0    0    0   -1    0    1    0    0    0    0    0    0    0    0    1    0    0    0    0    0    0    0    1    0    1    0    0 |   1 Ratio: 1/1
  25 |    0    0    0    0    0    0    0    0    0    0    0    0    0    0    1    0    0    0    0    0    0    0    0    0    0    1    0 |   1 Ratio: 1/1
---------------------------------------------------------------------------------------------------------------------------------------------------
  26 |    0   -2   -2   -1    0    5    0    0    0    0    0    0    0    0    1    0    0    0    0    0    0    0    3    0    0    0    1 |  -3 Ratio: na

----------------------------------------------
#7bcd. Iteration # 4
----------------------------------------------

     |    0   (1)   2    3    4    5    6    7    8    9   10   11   12   13   14   15   16   17   18   19   20   21   22   23   24   25   26 |
---------------------------------------------------------------------------------------------------------------------------------------------------
  14 |    0   -1    0    0    0    1    0    0    1    0    0    0    0    0    1    1    0    0    0    0    0    0    1    0    0    0    0 |   0 Ratio: null
   9 |    0    1   -1    0    0    0    0    0    0    1    0    0    0    0    0    0    0    0    0    0    0    0    0    0    0    0    0 |   1 Ratio: 1/1
  21 |    0    1    0    0    0   -1    0    0    0    0    0    0    0    0    0    0    0    0    0    0    0    1    0    0    0    0    0 |   1 Ratio: 1/1
  19 |    0    1    0    0    0   -1    0    0    0    0    0    0    0    0    0    0    0    0    0    1    0    0   -1    0    0    0    0 |   2 Ratio: 2/1
  16 |    0    0    0    0    0    0    0    0    1    0    0    0    0    0    0    1    1    0    0    0    0    0    0    0    0    0    0 |   1 Ratio: null
  10 |    0    0    1   -1    0    0    0    0    0    0    1    0    0    0    0    0    0    0    0    0    0    0    0    0    0    0    0 |   1 Ratio: null
  20 |    0    0    1    0    0   -1    0    0    0    0    0    0    0    0    0    0    0    0    0    0    1    0    0    0    0    0    0 |   1 Ratio: null
  17 |    0    0    1    0    0   -1    0    0    0    0    0    0    0    0    0    0    0    1    0    0    0    0   -1    0    0    0    0 |   1 Ratio: null
  11 |    0    0    0    1   -1    0    0    0    0    0    0    1    0    0    0    0    0    0    0    0    0    0    0    0    0    0    0 |   1 Ratio: null
  18 |    0    0    0    1    0   -1    0    0    0    0    0    0    0    0    0    0    0    0    1    0    0    0    0    0    0    0    0 |   0 Ratio: null
  12 |    0    0    0    0    1   -1    0    0    0    0    0    0    1    0    0    0    0    0    0    0    0    0    0    0    0    0    0 |   0 Ratio: null
  13 |    0    0    0    0    0    0    0    0    0    0    0    0    0    1    0    0    0    0    0    0    0    0   -1    0    0    0    0 |   1 Ratio: null
   0 |    1   -1    0    0    0    0    0    0    1    0    0    0    0    0    0    0    0    0    0    0    0    0    0    0    0    0    0 |   1 Ratio: null
   6 |    0    0    0    0    0   -1    1    0    0    0    0    0    0    0    0    0    0    0    0    0    0    0   -1    0    0    0    0 |   1 Ratio: null
 *23 |    0   (1)   0    0    0   -1    0    0   -1    0    0    0    0    0    0   -1    0    0    0    0    0    0   -1   -1    0    0    0 |   1 Ratio: 1/1
   7 |    0   -1    0    0    0    0    0    1    1    0    0    0    0    0    0    1    0    0    0    0    0    0    0    0    0    0    0 |   1 Ratio: null
  24 |    0    1    0   -1    0    0    0    0   -1    0    0    0    0    0    0   -1    0    0    0    0    0    0    0    0    1    0    0 |   1 Ratio: 1/1
  25 |    0    1    0    0    0   -1    0    0   -1    0    0    0    0    0    0   -1    0    0    0    0    0    0   -1    0    0    1    0 |   1 Ratio: 1/1
---------------------------------------------------------------------------------------------------------------------------------------------------
  26 |    0   -1   -2   -1    0    4    0    0   -1    0    0    0    0    0    0   -1    0    0    0    0    0    0    2    0    0    0    1 |  -3 Ratio: na

----------------------------------------------
#7bcd. Iteration # 5
----------------------------------------------

     |    0    1   (2)   3    4    5    6    7    8    9   10   11   12   13   14   15   16   17   18   19   20   21   22   23   24   25   26 |
---------------------------------------------------------------------------------------------------------------------------------------------------
  14 |    0    0    0    0    0    0    0    0    0    0    0    0    0    0    1    0    0    0    0    0    0    0    0   -1    0    0    0 |   1 Ratio: null
   9 |    0    0   -1    0    0    1    0    0    1    1    0    0    0    0    0    1    0    0    0    0    0    0    1    1    0    0    0 |   0 Ratio: null
  21 |    0    0    0    0    0    0    0    0    1    0    0    0    0    0    0    1    0    0    0    0    0    1    1    1    0    0    0 |   0 Ratio: null
  19 |    0    0    0    0    0    0    0    0    1    0    0    0    0    0    0    1    0    0    0    1    0    0    0    1    0    0    0 |   1 Ratio: null
  16 |    0    0    0    0    0    0    0    0    1    0    0    0    0    0    0    1    1    0    0    0    0    0    0    0    0    0    0 |   1 Ratio: null
  10 |    0    0   (1)  -1    0    0    0    0    0    0    1    0    0    0    0    0    0    0    0    0    0    0    0    0    0    0    0 |   1 Ratio: 1/1
  20 |    0    0    1    0    0   -1    0    0    0    0    0    0    0    0    0    0    0    0    0    0    1    0    0    0    0    0    0 |   1 Ratio: 1/1
  17 |    0    0    1    0    0   -1    0    0    0    0    0    0    0    0    0    0    0    1    0    0    0    0   -1    0    0    0    0 |   1 Ratio: 1/1
  11 |    0    0    0    1   -1    0    0    0    0    0    0    1    0    0    0    0    0    0    0    0    0    0    0    0    0    0    0 |   1 Ratio: null
  18 |    0    0    0    1    0   -1    0    0    0    0    0    0    0    0    0    0    0    0    1    0    0    0    0    0    0    0    0 |   0 Ratio: null
  12 |    0    0    0    0    1   -1    0    0    0    0    0    0    1    0    0    0    0    0    0    0    0    0    0    0    0    0    0 |   0 Ratio: null
  13 |    0    0    0    0    0    0    0    0    0    0    0    0    0    1    0    0    0    0    0    0    0    0   -1    0    0    0    0 |   1 Ratio: null
   0 |    1    0    0    0    0   -1    0    0    0    0    0    0    0    0    0   -1    0    0    0    0    0    0   -1   -1    0    0    0 |   2 Ratio: null
   6 |    0    0    0    0    0   -1    1    0    0    0    0    0    0    0    0    0    0    0    0    0    0    0   -1    0    0    0    0 |   1 Ratio: null
   1 |    0    1    0    0    0   -1    0    0   -1    0    0    0    0    0    0   -1    0    0    0    0    0    0   -1   -1    0    0    0 |   1 Ratio: null
   7 |    0    0    0    0    0   -1    0    1    0    0    0    0    0    0    0    0    0    0    0    0    0    0   -1   -1    0    0    0 |   2 Ratio: null
  24 |    0    0    0   -1    0    1    0    0    0    0    0    0    0    0    0    0    0    0    0    0    0    0    1    1    1    0    0 |   0 Ratio: null
  25 |    0    0    0    0    0    0    0    0    0    0    0    0    0    0    0    0    0    0    0    0    0    0    0    1    0    1    0 |   0 Ratio: null
---------------------------------------------------------------------------------------------------------------------------------------------------
  26 |    0    0   -2   -1    0    3    0    0   -2    0    0    0    0    0    0   -2    0    0    0    0    0    0    1   -1    0    0    1 |  -2 Ratio: na

----------------------------------------------
#7bcd. Iteration # 7
----------------------------------------------

     |    0    1    2   (3)   4    5    6    7    8    9   10   11   12   13   14   15   16   17   18   19   20   21   22   23   24   25   26 |
---------------------------------------------------------------------------------------------------------------------------------------------------
  14 |    0    0    0    0    0    0    0    0    0    0    0    0    0    0    1    0    0    0    0    0    0    0    0   -1    0    0    0 |   1 Ratio: null
   9 |    0    0    0   -1    0    1    0    0    1    1    1    0    0    0    0    1    0    0    0    0    0    0    1    1    0    0    0 |   1 Ratio: null
  21 |    0    0    0    0    0    0    0    0    1    0    0    0    0    0    0    1    0    0    0    0    0    1    1    1    0    0    0 |   0 Ratio: null
  19 |    0    0    0    0    0    0    0    0    1    0    0    0    0    0    0    1    0    0    0    1    0    0    0    1    0    0    0 |   1 Ratio: null
  16 |    0    0    0    0    0    0    0    0    1    0    0    0    0    0    0    1    1    0    0    0    0    0    0    0    0    0    0 |   1 Ratio: null
   2 |    0    0    1   -1    0    0    0    0    0    0    1    0    0    0    0    0    0    0    0    0    0    0    0    0    0    0    0 |   1 Ratio: null
  20 |    0    0    0   (1)   0   -1    0    0    0    0   -1    0    0    0    0    0    0    0    0    0    1    0    0    0    0    0    0 |   0 Ratio: 0/1
  17 |    0    0    0    1    0   -1    0    0    0    0   -1    0    0    0    0    0    0    1    0    0    0    0   -1    0    0    0    0 |   0 Ratio: 0/1
  11 |    0    0    0    1   -1    0    0    0    0    0    0    1    0    0    0    0    0    0    0    0    0    0    0    0    0    0    0 |   1 Ratio: 1/1
  18 |    0    0    0    1    0   -1    0    0    0    0    0    0    0    0    0    0    0    0    1    0    0    0    0    0    0    0    0 |   0 Ratio: 0/1
  12 |    0    0    0    0    1   -1    0    0    0    0    0    0    1    0    0    0    0    0    0    0    0    0    0    0    0    0    0 |   0 Ratio: null
  13 |    0    0    0    0    0    0    0    0    0    0    0    0    0    1    0    0    0    0    0    0    0    0   -1    0    0    0    0 |   1 Ratio: null
   0 |    1    0    0    0    0   -1    0    0    0    0    0    0    0    0    0   -1    0    0    0    0    0    0   -1   -1    0    0    0 |   2 Ratio: null
   6 |    0    0    0    0    0   -1    1    0    0    0    0    0    0    0    0    0    0    0    0    0    0    0   -1    0    0    0    0 |   1 Ratio: null
   1 |    0    1    0    0    0   -1    0    0   -1    0    0    0    0    0    0   -1    0    0    0    0    0    0   -1   -1    0    0    0 |   1 Ratio: null
   7 |    0    0    0    0    0   -1    0    1    0    0    0    0    0    0    0    0    0    0    0    0    0    0   -1   -1    0    0    0 |   2 Ratio: null
  24 |    0    0    0   -1    0    1    0    0    0    0    0    0    0    0    0    0    0    0    0    0    0    0    1    1    1    0    0 |   0 Ratio: null
  25 |    0    0    0    0    0    0    0    0    0    0    0    0    0    0    0    0    0    0    0    0    0    0    0    1    0    1    0 |   0 Ratio: null
---------------------------------------------------------------------------------------------------------------------------------------------------
  26 |    0    0    0   -3    0    3    0    0   -2    0    2    0    0    0    0   -2    0    0    0    0    0    0    1   -1    0    0    1 |   0 Ratio: na

----------------------------------------------
#7bcd. Iteration # 9
----------------------------------------------

     |    0    1    2    3    4    5    6    7   (8)   9   10   11   12   13   14   15   16   17   18   19   20   21   22   23   24   25   26 |
---------------------------------------------------------------------------------------------------------------------------------------------------
  14 |    0    0    0    0    0    0    0    0    0    0    0    0    0    0    1    0    0    0    0    0    0    0    0   -1    0    0    0 |   1 Ratio: null
   9 |    0    0    0    0    0    0    0    0    1    1    0    0    0    0    0    1    0    0    0    0    1    0    1    1    0    0    0 |   1 Ratio: 1/1
  21 |    0    0    0    0    0    0    0    0   (1)   0    0    0    0    0    0    1    0    0    0    0    0    1    1    1    0    0    0 |   0 Ratio: 0/1
  19 |    0    0    0    0    0    0    0    0    1    0    0    0    0    0    0    1    0    0    0    1    0    0    0    1    0    0    0 |   1 Ratio: 1/1
  16 |    0    0    0    0    0    0    0    0    1    0    0    0    0    0    0    1    1    0    0    0    0    0    0    0    0    0    0 |   1 Ratio: 1/1
   2 |    0    0    1    0    0   -1    0    0    0    0    0    0    0    0    0    0    0    0    0    0    1    0    0    0    0    0    0 |   1 Ratio: null
   3 |    0    0    0    1    0   -1    0    0    0    0   -1    0    0    0    0    0    0    0    0    0    1    0    0    0    0    0    0 |   0 Ratio: null
  17 |    0    0    0    0    0    0    0    0    0    0    0    0    0    0    0    0    0    1    0    0   -1    0   -1    0    0    0    0 |   0 Ratio: null
  11 |    0    0    0    0   -1    1    0    0    0    0    1    1    0    0    0    0    0    0    0    0   -1    0    0    0    0    0    0 |   1 Ratio: null
  18 |    0    0    0    0    0    0    0    0    0    0    1    0    0    0    0    0    0    0    1    0   -1    0    0    0    0    0    0 |   0 Ratio: null
  12 |    0    0    0    0    1   -1    0    0    0    0    0    0    1    0    0    0    0    0    0    0    0    0    0    0    0    0    0 |   0 Ratio: null
  13 |    0    0    0    0    0    0    0    0    0    0    0    0    0    1    0    0    0    0    0    0    0    0   -1    0    0    0    0 |   1 Ratio: null
   0 |    1    0    0    0    0   -1    0    0    0    0    0    0    0    0    0   -1    0    0    0    0    0    0   -1   -1    0    0    0 |   2 Ratio: null
   6 |    0    0    0    0    0   -1    1    0    0    0    0    0    0    0    0    0    0    0    0    0    0    0   -1    0    0    0    0 |   1 Ratio: null
   1 |    0    1    0    0    0   -1    0    0   -1    0    0    0    0    0    0   -1    0    0    0    0    0    0   -1   -1    0    0    0 |   1 Ratio: null
   7 |    0    0    0    0    0   -1    0    1    0    0    0    0    0    0    0    0    0    0    0    0    0    0   -1   -1    0    0    0 |   2 Ratio: null
  24 |    0    0    0    0    0    0    0    0    0    0   -1    0    0    0    0    0    0    0    0    0    1    0    1    1    1    0    0 |   0 Ratio: null
  25 |    0    0    0    0    0    0    0    0    0    0    0    0    0    0    0    0    0    0    0    0    0    0    0    1    0    1    0 |   0 Ratio: null
---------------------------------------------------------------------------------------------------------------------------------------------------
  26 |    0    0    0    0    0    0    0    0   -2    0   -1    0    0    0    0   -2    0    0    0    0    3    0    1   -1    0    0    1 |   0 Ratio: na

----------------------------------------------
#7bcd. Iteration # 11
----------------------------------------------

     |    0    1    2    3    4    5    6    7    8    9  (10)  11   12   13   14   15   16   17   18   19   20   21   22   23   24   25   26 |
---------------------------------------------------------------------------------------------------------------------------------------------------
  14 |    0    0    0    0    0    0    0    0    0    0    0    0    0    0    1    0    0    0    0    0    0    0    0   -1    0    0    0 |   1 Ratio: null
   9 |    0    0    0    0    0    0    0    0    0    1    0    0    0    0    0    0    0    0    0    0    1   -1    0    0    0    0    0 |   1 Ratio: null
   8 |    0    0    0    0    0    0    0    0    1    0    0    0    0    0    0    1    0    0    0    0    0    1    1    1    0    0    0 |   0 Ratio: null
  19 |    0    0    0    0    0    0    0    0    0    0    0    0    0    0    0    0    0    0    0    1    0   -1   -1    0    0    0    0 |   1 Ratio: null
  16 |    0    0    0    0    0    0    0    0    0    0    0    0    0    0    0    0    1    0    0    0    0   -1   -1   -1    0    0    0 |   1 Ratio: null
   2 |    0    0    1    0    0   -1    0    0    0    0    0    0    0    0    0    0    0    0    0    0    1    0    0    0    0    0    0 |   1 Ratio: null
   3 |    0    0    0    1    0   -1    0    0    0    0   -1    0    0    0    0    0    0    0    0    0    1    0    0    0    0    0    0 |   0 Ratio: null
  17 |    0    0    0    0    0    0    0    0    0    0    0    0    0    0    0    0    0    1    0    0   -1    0   -1    0    0    0    0 |   0 Ratio: null
  11 |    0    0    0    0   -1    1    0    0    0    0    1    1    0    0    0    0    0    0    0    0   -1    0    0    0    0    0    0 |   1 Ratio: 1/1
  18 |    0    0    0    0    0    0    0    0    0    0   (1)   0    0    0    0    0    0    0    1    0   -1    0    0    0    0    0    0 |   0 Ratio: 0/1
  12 |    0    0    0    0    1   -1    0    0    0    0    0    0    1    0    0    0    0    0    0    0    0    0    0    0    0    0    0 |   0 Ratio: null
  13 |    0    0    0    0    0    0    0    0    0    0    0    0    0    1    0    0    0    0    0    0    0    0   -1    0    0    0    0 |   1 Ratio: null
   0 |    1    0    0    0    0   -1    0    0    0    0    0    0    0    0    0   -1    0    0    0    0    0    0   -1   -1    0    0    0 |   2 Ratio: null
   6 |    0    0    0    0    0   -1    1    0    0    0    0    0    0    0    0    0    0    0    0    0    0    0   -1    0    0    0    0 |   1 Ratio: null
   1 |    0    1    0    0    0   -1    0    0    0    0    0    0    0    0    0    0    0    0    0    0    0    1    0    0    0    0    0 |   1 Ratio: null
   7 |    0    0    0    0    0   -1    0    1    0    0    0    0    0    0    0    0    0    0    0    0    0    0   -1   -1    0    0    0 |   2 Ratio: null
  24 |    0    0    0    0    0    0    0    0    0    0   -1    0    0    0    0    0    0    0    0    0    1    0    1    1    1    0    0 |   0 Ratio: null
  25 |    0    0    0    0    0    0    0    0    0    0    0    0    0    0    0    0    0    0    0    0    0    0    0    1    0    1    0 |   0 Ratio: null
---------------------------------------------------------------------------------------------------------------------------------------------------
  26 |    0    0    0    0    0    0    0    0    0    0   -1    0    0    0    0    0    0    0    0    0    3    2    3    1    0    0    1 |   0 Ratio: na

----------------------------------------------
#7bcd. Final tableau 
----------------------------------------------

     |    0    1    2    3    4    5    6    7    8    9   10   11   12   13   14   15   16   17   18   19   20   21   22   23   24   25   26 |
---------------------------------------------------------------------------------------------------------------------------------------------------
  14 |    0    0    0    0    0    0    0    0    0    0    0    0    0    0    1    0    0    0    0    0    0    0    0   -1    0    0    0 |   1 Ratio: null
   9 |    0    0    0    0    0    0    0    0    0    1    0    0    0    0    0    0    0    0    0    0    1   -1    0    0    0    0    0 |   1 Ratio: null
   8 |    0    0    0    0    0    0    0    0    1    0    0    0    0    0    0    1    0    0    0    0    0    1    1    1    0    0    0 |   0 Ratio: null
  19 |    0    0    0    0    0    0    0    0    0    0    0    0    0    0    0    0    0    0    0    1    0   -1   -1    0    0    0    0 |   1 Ratio: null
  16 |    0    0    0    0    0    0    0    0    0    0    0    0    0    0    0    0    1    0    0    0    0   -1   -1   -1    0    0    0 |   1 Ratio: null
   2 |    0    0    1    0    0   -1    0    0    0    0    0    0    0    0    0    0    0    0    0    0    1    0    0    0    0    0    0 |   1 Ratio: null
   3 |    0    0    0    1    0   -1    0    0    0    0    0    0    0    0    0    0    0    0    1    0    0    0    0    0    0    0    0 |   0 Ratio: null
  17 |    0    0    0    0    0    0    0    0    0    0    0    0    0    0    0    0    0    1    0    0   -1    0   -1    0    0    0    0 |   0 Ratio: null
  11 |    0    0    0    0   -1    1    0    0    0    0    0    1    0    0    0    0    0    0   -1    0    0    0    0    0    0    0    0 |   1 Ratio: null
  10 |    0    0    0    0    0    0    0    0    0    0    1    0    0    0    0    0    0    0    1    0   -1    0    0    0    0    0    0 |   0 Ratio: null
  12 |    0    0    0    0    1   -1    0    0    0    0    0    0    1    0    0    0    0    0    0    0    0    0    0    0    0    0    0 |   0 Ratio: null
  13 |    0    0    0    0    0    0    0    0    0    0    0    0    0    1    0    0    0    0    0    0    0    0   -1    0    0    0    0 |   1 Ratio: null
   0 |    1    0    0    0    0   -1    0    0    0    0    0    0    0    0    0   -1    0    0    0    0    0    0   -1   -1    0    0    0 |   2 Ratio: null
   6 |    0    0    0    0    0   -1    1    0    0    0    0    0    0    0    0    0    0    0    0    0    0    0   -1    0    0    0    0 |   1 Ratio: null
   1 |    0    1    0    0    0   -1    0    0    0    0    0    0    0    0    0    0    0    0    0    0    0    1    0    0    0    0    0 |   1 Ratio: null
   7 |    0    0    0    0    0   -1    0    1    0    0    0    0    0    0    0    0    0    0    0    0    0    0   -1   -1    0    0    0 |   2 Ratio: null
  24 |    0    0    0    0    0    0    0    0    0    0    0    0    0    0    0    0    0    0    1    0    0    0    1    1    1    0    0 |   0 Ratio: null
  25 |    0    0    0    0    0    0    0    0    0    0    0    0    0    0    0    0    0    0    0    0    0    0    0    1    0    1    0 |   0 Ratio: null
---------------------------------------------------------------------------------------------------------------------------------------------------
  26 |    0    0    0    0    0    0    0    0    0    0    0    0    0    0    0    0    0    0    1    0    2    2    3    1    0    0    1 |   0 Ratio: na

