----------------------------------------------
#7a. Initial tableau (sorted by vi, vj, ans)
----------------------------------------------

     |    0    1    2   (3)   4    5    6    7    8    9   10   11 |
------------------------------------------------------------------------
   4 |    1   -1    0    0    1    0    0    0    0    0    0    0 |   2 Ratio: null
   5 |    0    1   -1    0    0    1    0    0    0    0    0    0 |   0 Ratio: null
   6 |    0    1    0   -1    0    0    1    0    0    0    0    0 |   0 Ratio: null
   7 |    0    0    1   -1    0    0    0    1    0    0    0    0 |   0 Ratio: null
 * 9 |    0    0   -1    1    0    0    0    0    0   -1    0    0 |   1 Ratio: 1/1
   8 |   -1    0    0   (1)   0    0    0    0    1    0    0    0 |   0 Ratio: 0/1
  10 |    0   -1    0    1    0    0    0    0    0    0    1    0 |   1 Ratio: 1/1
------------------------------------------------------------------------
  11 |    0   -1    0    1    0    0    0    0    0    0    0    1 |   0 Ratio: na

----------------------------------------------
#7bcd. Iteration # 1
----------------------------------------------

     |   (0)   1    2    3    4    5    6    7    8    9   10   11 |
------------------------------------------------------------------------
   4 |    1   -1    0    0    1    0    0    0    0    0    0    0 |   2 Ratio: 2/1
   5 |    0    1   -1    0    0    1    0    0    0    0    0    0 |   0 Ratio: null
   6 |   -1    1    0    0    0    0    1    0    1    0    0    0 |   0 Ratio: null
   7 |   -1    0    1    0    0    0    0    1    1    0    0    0 |   0 Ratio: null
 * 9 |   (1)   0   -1    0    0    0    0    0   -1   -1    0    0 |   1 Ratio: 1/1
   3 |   -1    0    0    1    0    0    0    0    1    0    0    0 |   0 Ratio: null
  10 |    1   -1    0    0    0    0    0    0   -1    0    1    0 |   1 Ratio: 1/1
------------------------------------------------------------------------
  11 |    1   -1    0    0    0    0    0    0   -1    0    0    1 |   0 Ratio: na

----------------------------------------------
#7bcd. Iteration # 2
----------------------------------------------

     |    0   (1)   2    3    4    5    6    7    8    9   10   11 |
------------------------------------------------------------------------
   4 |    0   -1    1    0    1    0    0    0    1    1    0    0 |   1 Ratio: null
   5 |    0   (1)  -1    0    0    1    0    0    0    0    0    0 |   0 Ratio: 0/1
   6 |    0    1   -1    0    0    0    1    0    0   -1    0    0 |   1 Ratio: 1/1
   7 |    0    0    0    0    0    0    0    1    0   -1    0    0 |   1 Ratio: null
   0 |    1    0   -1    0    0    0    0    0   -1   -1    0    0 |   1 Ratio: null
   3 |    0    0   -1    1    0    0    0    0    0   -1    0    0 |   1 Ratio: null
  10 |    0   -1    1    0    0    0    0    0    0    1    1    0 |   0 Ratio: null
------------------------------------------------------------------------
  11 |    0   -1    1    0    0    0    0    0    0    1    0    1 |  -1 Ratio: na

----------------------------------------------
#7bcd. Final tableau 
----------------------------------------------

     |    0    1    2    3    4    5    6    7    8    9   10   11 |
------------------------------------------------------------------------
   4 |    0    0    0    0    1    1    0    0    1    1    0    0 |   1 Ratio: null
   1 |    0    1   -1    0    0    1    0    0    0    0    0    0 |   0 Ratio: null
   6 |    0    0    0    0    0   -1    1    0    0   -1    0    0 |   1 Ratio: null
   7 |    0    0    0    0    0    0    0    1    0   -1    0    0 |   1 Ratio: null
   0 |    1    0   -1    0    0    0    0    0   -1   -1    0    0 |   1 Ratio: null
   3 |    0    0   -1    1    0    0    0    0    0   -1    0    0 |   1 Ratio: null
  10 |    0    0    0    0    0    1    0    0    0    1    1    0 |   0 Ratio: null
------------------------------------------------------------------------
  11 |    0    0    0    0    0    1    0    0    0    1    0    1 |  -1 Ratio: na

